{
 "cells": [
  {
   "cell_type": "markdown",
   "metadata": {},
   "source": [
    "Importamos todas las librerías que vamos a utilizar"
   ]
  },
  {
   "cell_type": "code",
   "execution_count": 203,
   "metadata": {},
   "outputs": [],
   "source": [
    "import pandas as pd\n",
    "import datetime as dt\n",
    "from sklearn.preprocessing import PolynomialFeatures\n",
    "from sklearn.linear_model import LinearRegression\n",
    "from sklearn.metrics import mean_squared_error\n",
    "from sklearn import linear_model\n",
    "import numpy as np\n",
    "import matplotlib.pyplot as plt\n",
    "import math"
   ]
  },
  {
   "cell_type": "markdown",
   "metadata": {},
   "source": [
    "Creamos los datasets que vamos a utilizar, el de entrenamiento y el de test"
   ]
  },
  {
   "cell_type": "code",
   "execution_count": 190,
   "metadata": {},
   "outputs": [
    {
     "data": {
      "text/html": [
       "<div>\n",
       "<style scoped>\n",
       "    .dataframe tbody tr th:only-of-type {\n",
       "        vertical-align: middle;\n",
       "    }\n",
       "\n",
       "    .dataframe tbody tr th {\n",
       "        vertical-align: top;\n",
       "    }\n",
       "\n",
       "    .dataframe thead th {\n",
       "        text-align: right;\n",
       "    }\n",
       "</style>\n",
       "<table border=\"1\" class=\"dataframe\">\n",
       "  <thead>\n",
       "    <tr style=\"text-align: right;\">\n",
       "      <th></th>\n",
       "      <th>dteday</th>\n",
       "      <th>season</th>\n",
       "      <th>yr</th>\n",
       "      <th>mnth</th>\n",
       "      <th>hr</th>\n",
       "      <th>holiday</th>\n",
       "      <th>weekday</th>\n",
       "      <th>workingday</th>\n",
       "      <th>weathersit</th>\n",
       "      <th>temp</th>\n",
       "      <th>atemp</th>\n",
       "      <th>hum</th>\n",
       "      <th>windspeed</th>\n",
       "      <th>casual</th>\n",
       "      <th>registered</th>\n",
       "      <th>cnt</th>\n",
       "    </tr>\n",
       "    <tr>\n",
       "      <th>instant</th>\n",
       "      <th></th>\n",
       "      <th></th>\n",
       "      <th></th>\n",
       "      <th></th>\n",
       "      <th></th>\n",
       "      <th></th>\n",
       "      <th></th>\n",
       "      <th></th>\n",
       "      <th></th>\n",
       "      <th></th>\n",
       "      <th></th>\n",
       "      <th></th>\n",
       "      <th></th>\n",
       "      <th></th>\n",
       "      <th></th>\n",
       "      <th></th>\n",
       "    </tr>\n",
       "  </thead>\n",
       "  <tbody>\n",
       "    <tr>\n",
       "      <th>1</th>\n",
       "      <td>2011-01-01</td>\n",
       "      <td>1</td>\n",
       "      <td>0</td>\n",
       "      <td>1</td>\n",
       "      <td>0</td>\n",
       "      <td>0</td>\n",
       "      <td>6</td>\n",
       "      <td>0</td>\n",
       "      <td>1</td>\n",
       "      <td>0.24</td>\n",
       "      <td>0.2879</td>\n",
       "      <td>0.81</td>\n",
       "      <td>0.0</td>\n",
       "      <td>3</td>\n",
       "      <td>13</td>\n",
       "      <td>16</td>\n",
       "    </tr>\n",
       "    <tr>\n",
       "      <th>2</th>\n",
       "      <td>2011-01-01</td>\n",
       "      <td>1</td>\n",
       "      <td>0</td>\n",
       "      <td>1</td>\n",
       "      <td>1</td>\n",
       "      <td>0</td>\n",
       "      <td>6</td>\n",
       "      <td>0</td>\n",
       "      <td>1</td>\n",
       "      <td>0.22</td>\n",
       "      <td>0.2727</td>\n",
       "      <td>0.80</td>\n",
       "      <td>0.0</td>\n",
       "      <td>8</td>\n",
       "      <td>32</td>\n",
       "      <td>40</td>\n",
       "    </tr>\n",
       "    <tr>\n",
       "      <th>3</th>\n",
       "      <td>2011-01-01</td>\n",
       "      <td>1</td>\n",
       "      <td>0</td>\n",
       "      <td>1</td>\n",
       "      <td>2</td>\n",
       "      <td>0</td>\n",
       "      <td>6</td>\n",
       "      <td>0</td>\n",
       "      <td>1</td>\n",
       "      <td>0.22</td>\n",
       "      <td>0.2727</td>\n",
       "      <td>0.80</td>\n",
       "      <td>0.0</td>\n",
       "      <td>5</td>\n",
       "      <td>27</td>\n",
       "      <td>32</td>\n",
       "    </tr>\n",
       "    <tr>\n",
       "      <th>4</th>\n",
       "      <td>2011-01-01</td>\n",
       "      <td>1</td>\n",
       "      <td>0</td>\n",
       "      <td>1</td>\n",
       "      <td>3</td>\n",
       "      <td>0</td>\n",
       "      <td>6</td>\n",
       "      <td>0</td>\n",
       "      <td>1</td>\n",
       "      <td>0.24</td>\n",
       "      <td>0.2879</td>\n",
       "      <td>0.75</td>\n",
       "      <td>0.0</td>\n",
       "      <td>3</td>\n",
       "      <td>10</td>\n",
       "      <td>13</td>\n",
       "    </tr>\n",
       "    <tr>\n",
       "      <th>5</th>\n",
       "      <td>2011-01-01</td>\n",
       "      <td>1</td>\n",
       "      <td>0</td>\n",
       "      <td>1</td>\n",
       "      <td>4</td>\n",
       "      <td>0</td>\n",
       "      <td>6</td>\n",
       "      <td>0</td>\n",
       "      <td>1</td>\n",
       "      <td>0.24</td>\n",
       "      <td>0.2879</td>\n",
       "      <td>0.75</td>\n",
       "      <td>0.0</td>\n",
       "      <td>0</td>\n",
       "      <td>1</td>\n",
       "      <td>1</td>\n",
       "    </tr>\n",
       "  </tbody>\n",
       "</table>\n",
       "</div>"
      ],
      "text/plain": [
       "            dteday  season  yr  mnth  hr  holiday  weekday  workingday  \\\n",
       "instant                                                                  \n",
       "1       2011-01-01       1   0     1   0        0        6           0   \n",
       "2       2011-01-01       1   0     1   1        0        6           0   \n",
       "3       2011-01-01       1   0     1   2        0        6           0   \n",
       "4       2011-01-01       1   0     1   3        0        6           0   \n",
       "5       2011-01-01       1   0     1   4        0        6           0   \n",
       "\n",
       "         weathersit  temp   atemp   hum  windspeed  casual  registered  cnt  \n",
       "instant                                                                      \n",
       "1                 1  0.24  0.2879  0.81        0.0       3          13   16  \n",
       "2                 1  0.22  0.2727  0.80        0.0       8          32   40  \n",
       "3                 1  0.22  0.2727  0.80        0.0       5          27   32  \n",
       "4                 1  0.24  0.2879  0.75        0.0       3          10   13  \n",
       "5                 1  0.24  0.2879  0.75        0.0       0           1    1  "
      ]
     },
     "execution_count": 190,
     "metadata": {},
     "output_type": "execute_result"
    }
   ],
   "source": [
    "dataset_train = pd.read_excel('bike_train.xlsx',index_col=0)\n",
    "dataset_train.head(5)"
   ]
  },
  {
   "cell_type": "markdown",
   "metadata": {},
   "source": [
    "Verificamos el dataset 'dataset_train'"
   ]
  },
  {
   "cell_type": "code",
   "execution_count": 191,
   "metadata": {},
   "outputs": [
    {
     "name": "stdout",
     "output_type": "stream",
     "text": [
      "<class 'pandas.core.frame.DataFrame'>\n",
      "Int64Index: 11999 entries, 1 to 11999\n",
      "Data columns (total 16 columns):\n",
      " #   Column      Non-Null Count  Dtype         \n",
      "---  ------      --------------  -----         \n",
      " 0   dteday      11999 non-null  datetime64[ns]\n",
      " 1   season      11999 non-null  int64         \n",
      " 2   yr          11999 non-null  int64         \n",
      " 3   mnth        11999 non-null  int64         \n",
      " 4   hr          11999 non-null  int64         \n",
      " 5   holiday     11999 non-null  int64         \n",
      " 6   weekday     11999 non-null  int64         \n",
      " 7   workingday  11999 non-null  int64         \n",
      " 8   weathersit  11999 non-null  int64         \n",
      " 9   temp        11999 non-null  float64       \n",
      " 10  atemp       11999 non-null  float64       \n",
      " 11  hum         11999 non-null  float64       \n",
      " 12  windspeed   11999 non-null  float64       \n",
      " 13  casual      11999 non-null  int64         \n",
      " 14  registered  11999 non-null  int64         \n",
      " 15  cnt         11999 non-null  int64         \n",
      "dtypes: datetime64[ns](1), float64(4), int64(11)\n",
      "memory usage: 1.6 MB\n"
     ]
    }
   ],
   "source": [
    "dataset_train.info()"
   ]
  },
  {
   "cell_type": "code",
   "execution_count": 192,
   "metadata": {},
   "outputs": [
    {
     "name": "stdout",
     "output_type": "stream",
     "text": [
      "<class 'pandas.core.frame.DataFrame'>\n",
      "Int64Index: 11999 entries, 1 to 11999\n",
      "Data columns (total 16 columns):\n",
      " #   Column      Non-Null Count  Dtype         \n",
      "---  ------      --------------  -----         \n",
      " 0   dteday      11999 non-null  datetime64[ns]\n",
      " 1   season      11999 non-null  int64         \n",
      " 2   yr          11999 non-null  int64         \n",
      " 3   mnth        11999 non-null  int64         \n",
      " 4   hr          11999 non-null  int64         \n",
      " 5   holiday     11999 non-null  int64         \n",
      " 6   weekday     11999 non-null  int64         \n",
      " 7   workingday  11999 non-null  int64         \n",
      " 8   weathersit  11999 non-null  int64         \n",
      " 9   temp        11999 non-null  float64       \n",
      " 10  atemp       11999 non-null  float64       \n",
      " 11  hum         11999 non-null  float64       \n",
      " 12  windspeed   11999 non-null  float64       \n",
      " 13  casual      11999 non-null  int64         \n",
      " 14  registered  11999 non-null  int64         \n",
      " 15  cnt         11999 non-null  int64         \n",
      "dtypes: datetime64[ns](1), float64(4), int64(11)\n",
      "memory usage: 1.6 MB\n"
     ]
    }
   ],
   "source": [
    "dataset_train.drop_duplicates()\n",
    "dataset_train.info()"
   ]
  },
  {
   "cell_type": "code",
   "execution_count": 193,
   "metadata": {},
   "outputs": [
    {
     "data": {
      "text/html": [
       "<div>\n",
       "<style scoped>\n",
       "    .dataframe tbody tr th:only-of-type {\n",
       "        vertical-align: middle;\n",
       "    }\n",
       "\n",
       "    .dataframe tbody tr th {\n",
       "        vertical-align: top;\n",
       "    }\n",
       "\n",
       "    .dataframe thead th {\n",
       "        text-align: right;\n",
       "    }\n",
       "</style>\n",
       "<table border=\"1\" class=\"dataframe\">\n",
       "  <thead>\n",
       "    <tr style=\"text-align: right;\">\n",
       "      <th></th>\n",
       "      <th>season</th>\n",
       "      <th>yr</th>\n",
       "      <th>mnth</th>\n",
       "      <th>hr</th>\n",
       "      <th>holiday</th>\n",
       "      <th>weekday</th>\n",
       "      <th>workingday</th>\n",
       "      <th>weathersit</th>\n",
       "      <th>temp</th>\n",
       "      <th>atemp</th>\n",
       "      <th>hum</th>\n",
       "      <th>windspeed</th>\n",
       "      <th>casual</th>\n",
       "      <th>registered</th>\n",
       "      <th>cnt</th>\n",
       "    </tr>\n",
       "  </thead>\n",
       "  <tbody>\n",
       "    <tr>\n",
       "      <th>count</th>\n",
       "      <td>11999.000000</td>\n",
       "      <td>11999.000000</td>\n",
       "      <td>11999.000000</td>\n",
       "      <td>11999.000000</td>\n",
       "      <td>11999.000000</td>\n",
       "      <td>11999.000000</td>\n",
       "      <td>11999.000000</td>\n",
       "      <td>11999.000000</td>\n",
       "      <td>11999.000000</td>\n",
       "      <td>11999.000000</td>\n",
       "      <td>11999.000000</td>\n",
       "      <td>11999.000000</td>\n",
       "      <td>11999.000000</td>\n",
       "      <td>11999.000000</td>\n",
       "      <td>11999.000000</td>\n",
       "    </tr>\n",
       "    <tr>\n",
       "      <th>mean</th>\n",
       "      <td>2.210684</td>\n",
       "      <td>0.279523</td>\n",
       "      <td>5.530294</td>\n",
       "      <td>11.556630</td>\n",
       "      <td>0.027752</td>\n",
       "      <td>3.009334</td>\n",
       "      <td>0.684057</td>\n",
       "      <td>1.435036</td>\n",
       "      <td>0.465704</td>\n",
       "      <td>0.448888</td>\n",
       "      <td>0.625770</td>\n",
       "      <td>0.196433</td>\n",
       "      <td>30.049837</td>\n",
       "      <td>128.545129</td>\n",
       "      <td>158.594966</td>\n",
       "    </tr>\n",
       "    <tr>\n",
       "      <th>std</th>\n",
       "      <td>1.088798</td>\n",
       "      <td>0.448784</td>\n",
       "      <td>3.433005</td>\n",
       "      <td>6.911891</td>\n",
       "      <td>0.164269</td>\n",
       "      <td>2.005264</td>\n",
       "      <td>0.464910</td>\n",
       "      <td>0.650894</td>\n",
       "      <td>0.188576</td>\n",
       "      <td>0.169633</td>\n",
       "      <td>0.200637</td>\n",
       "      <td>0.125394</td>\n",
       "      <td>43.596915</td>\n",
       "      <td>124.692750</td>\n",
       "      <td>151.392952</td>\n",
       "    </tr>\n",
       "    <tr>\n",
       "      <th>min</th>\n",
       "      <td>1.000000</td>\n",
       "      <td>0.000000</td>\n",
       "      <td>1.000000</td>\n",
       "      <td>0.000000</td>\n",
       "      <td>0.000000</td>\n",
       "      <td>0.000000</td>\n",
       "      <td>0.000000</td>\n",
       "      <td>1.000000</td>\n",
       "      <td>0.020000</td>\n",
       "      <td>0.000000</td>\n",
       "      <td>0.000000</td>\n",
       "      <td>0.000000</td>\n",
       "      <td>0.000000</td>\n",
       "      <td>0.000000</td>\n",
       "      <td>1.000000</td>\n",
       "    </tr>\n",
       "    <tr>\n",
       "      <th>25%</th>\n",
       "      <td>1.000000</td>\n",
       "      <td>0.000000</td>\n",
       "      <td>3.000000</td>\n",
       "      <td>6.000000</td>\n",
       "      <td>0.000000</td>\n",
       "      <td>1.000000</td>\n",
       "      <td>0.000000</td>\n",
       "      <td>1.000000</td>\n",
       "      <td>0.320000</td>\n",
       "      <td>0.303000</td>\n",
       "      <td>0.470000</td>\n",
       "      <td>0.104500</td>\n",
       "      <td>3.000000</td>\n",
       "      <td>29.000000</td>\n",
       "      <td>34.000000</td>\n",
       "    </tr>\n",
       "    <tr>\n",
       "      <th>50%</th>\n",
       "      <td>2.000000</td>\n",
       "      <td>0.000000</td>\n",
       "      <td>5.000000</td>\n",
       "      <td>12.000000</td>\n",
       "      <td>0.000000</td>\n",
       "      <td>3.000000</td>\n",
       "      <td>1.000000</td>\n",
       "      <td>1.000000</td>\n",
       "      <td>0.460000</td>\n",
       "      <td>0.454500</td>\n",
       "      <td>0.620000</td>\n",
       "      <td>0.194000</td>\n",
       "      <td>13.000000</td>\n",
       "      <td>98.000000</td>\n",
       "      <td>118.000000</td>\n",
       "    </tr>\n",
       "    <tr>\n",
       "      <th>75%</th>\n",
       "      <td>3.000000</td>\n",
       "      <td>1.000000</td>\n",
       "      <td>8.000000</td>\n",
       "      <td>18.000000</td>\n",
       "      <td>0.000000</td>\n",
       "      <td>5.000000</td>\n",
       "      <td>1.000000</td>\n",
       "      <td>2.000000</td>\n",
       "      <td>0.620000</td>\n",
       "      <td>0.590900</td>\n",
       "      <td>0.790000</td>\n",
       "      <td>0.283600</td>\n",
       "      <td>39.000000</td>\n",
       "      <td>185.000000</td>\n",
       "      <td>232.000000</td>\n",
       "    </tr>\n",
       "    <tr>\n",
       "      <th>max</th>\n",
       "      <td>4.000000</td>\n",
       "      <td>1.000000</td>\n",
       "      <td>12.000000</td>\n",
       "      <td>23.000000</td>\n",
       "      <td>1.000000</td>\n",
       "      <td>6.000000</td>\n",
       "      <td>1.000000</td>\n",
       "      <td>4.000000</td>\n",
       "      <td>0.960000</td>\n",
       "      <td>1.000000</td>\n",
       "      <td>1.000000</td>\n",
       "      <td>0.850700</td>\n",
       "      <td>367.000000</td>\n",
       "      <td>770.000000</td>\n",
       "      <td>957.000000</td>\n",
       "    </tr>\n",
       "  </tbody>\n",
       "</table>\n",
       "</div>"
      ],
      "text/plain": [
       "             season            yr          mnth            hr       holiday  \\\n",
       "count  11999.000000  11999.000000  11999.000000  11999.000000  11999.000000   \n",
       "mean       2.210684      0.279523      5.530294     11.556630      0.027752   \n",
       "std        1.088798      0.448784      3.433005      6.911891      0.164269   \n",
       "min        1.000000      0.000000      1.000000      0.000000      0.000000   \n",
       "25%        1.000000      0.000000      3.000000      6.000000      0.000000   \n",
       "50%        2.000000      0.000000      5.000000     12.000000      0.000000   \n",
       "75%        3.000000      1.000000      8.000000     18.000000      0.000000   \n",
       "max        4.000000      1.000000     12.000000     23.000000      1.000000   \n",
       "\n",
       "            weekday    workingday    weathersit          temp         atemp  \\\n",
       "count  11999.000000  11999.000000  11999.000000  11999.000000  11999.000000   \n",
       "mean       3.009334      0.684057      1.435036      0.465704      0.448888   \n",
       "std        2.005264      0.464910      0.650894      0.188576      0.169633   \n",
       "min        0.000000      0.000000      1.000000      0.020000      0.000000   \n",
       "25%        1.000000      0.000000      1.000000      0.320000      0.303000   \n",
       "50%        3.000000      1.000000      1.000000      0.460000      0.454500   \n",
       "75%        5.000000      1.000000      2.000000      0.620000      0.590900   \n",
       "max        6.000000      1.000000      4.000000      0.960000      1.000000   \n",
       "\n",
       "                hum     windspeed        casual    registered           cnt  \n",
       "count  11999.000000  11999.000000  11999.000000  11999.000000  11999.000000  \n",
       "mean       0.625770      0.196433     30.049837    128.545129    158.594966  \n",
       "std        0.200637      0.125394     43.596915    124.692750    151.392952  \n",
       "min        0.000000      0.000000      0.000000      0.000000      1.000000  \n",
       "25%        0.470000      0.104500      3.000000     29.000000     34.000000  \n",
       "50%        0.620000      0.194000     13.000000     98.000000    118.000000  \n",
       "75%        0.790000      0.283600     39.000000    185.000000    232.000000  \n",
       "max        1.000000      0.850700    367.000000    770.000000    957.000000  "
      ]
     },
     "execution_count": 193,
     "metadata": {},
     "output_type": "execute_result"
    }
   ],
   "source": [
    "dataset_train.describe()"
   ]
  },
  {
   "cell_type": "markdown",
   "metadata": {},
   "source": [
    "Verificamos el dataset 'dataset_test'"
   ]
  },
  {
   "cell_type": "markdown",
   "metadata": {},
   "source": [
    "Exploramos las correlaciones de las variables para mostrarnos los mejores indicadores para explicar la variable dependiente"
   ]
  },
  {
   "cell_type": "code",
   "execution_count": 197,
   "metadata": {},
   "outputs": [],
   "source": [
    "## convertimos la columna 'dteday' (fecha) a ordinal para que pueda ser leída por corr() y para los modelos predictivos\n",
    "dataset_train['dteday'] = dataset_train['dteday'].map(dt.datetime.toordinal)"
   ]
  },
  {
   "cell_type": "code",
   "execution_count": 198,
   "metadata": {},
   "outputs": [
    {
     "data": {
      "text/html": [
       "<div>\n",
       "<style scoped>\n",
       "    .dataframe tbody tr th:only-of-type {\n",
       "        vertical-align: middle;\n",
       "    }\n",
       "\n",
       "    .dataframe tbody tr th {\n",
       "        vertical-align: top;\n",
       "    }\n",
       "\n",
       "    .dataframe thead th {\n",
       "        text-align: right;\n",
       "    }\n",
       "</style>\n",
       "<table border=\"1\" class=\"dataframe\">\n",
       "  <thead>\n",
       "    <tr style=\"text-align: right;\">\n",
       "      <th></th>\n",
       "      <th>dteday</th>\n",
       "      <th>season</th>\n",
       "      <th>yr</th>\n",
       "      <th>mnth</th>\n",
       "      <th>hr</th>\n",
       "      <th>holiday</th>\n",
       "      <th>weekday</th>\n",
       "      <th>workingday</th>\n",
       "      <th>weathersit</th>\n",
       "      <th>temp</th>\n",
       "      <th>atemp</th>\n",
       "      <th>hum</th>\n",
       "      <th>windspeed</th>\n",
       "      <th>casual</th>\n",
       "      <th>registered</th>\n",
       "      <th>cnt</th>\n",
       "    </tr>\n",
       "  </thead>\n",
       "  <tbody>\n",
       "    <tr>\n",
       "      <th>dteday</th>\n",
       "      <td>1.000000</td>\n",
       "      <td>0.119277</td>\n",
       "      <td>0.776468</td>\n",
       "      <td>0.168474</td>\n",
       "      <td>-0.009457</td>\n",
       "      <td>0.008254</td>\n",
       "      <td>0.007121</td>\n",
       "      <td>0.005410</td>\n",
       "      <td>-0.015217</td>\n",
       "      <td>0.030437</td>\n",
       "      <td>0.043644</td>\n",
       "      <td>-0.012197</td>\n",
       "      <td>-0.029317</td>\n",
       "      <td>0.115635</td>\n",
       "      <td>0.238038</td>\n",
       "      <td>0.229357</td>\n",
       "    </tr>\n",
       "    <tr>\n",
       "      <th>season</th>\n",
       "      <td>0.119277</td>\n",
       "      <td>1.000000</td>\n",
       "      <td>-0.446665</td>\n",
       "      <td>0.865268</td>\n",
       "      <td>-0.007610</td>\n",
       "      <td>-0.008928</td>\n",
       "      <td>-0.003688</td>\n",
       "      <td>0.012630</td>\n",
       "      <td>-0.009029</td>\n",
       "      <td>0.410790</td>\n",
       "      <td>0.413196</td>\n",
       "      <td>0.198937</td>\n",
       "      <td>-0.142924</td>\n",
       "      <td>0.119043</td>\n",
       "      <td>0.093595</td>\n",
       "      <td>0.111369</td>\n",
       "    </tr>\n",
       "    <tr>\n",
       "      <th>yr</th>\n",
       "      <td>0.776468</td>\n",
       "      <td>-0.446665</td>\n",
       "      <td>1.000000</td>\n",
       "      <td>-0.488103</td>\n",
       "      <td>-0.003948</td>\n",
       "      <td>0.001039</td>\n",
       "      <td>-0.002714</td>\n",
       "      <td>0.001068</td>\n",
       "      <td>-0.006309</td>\n",
       "      <td>-0.198929</td>\n",
       "      <td>-0.190360</td>\n",
       "      <td>-0.141319</td>\n",
       "      <td>0.067356</td>\n",
       "      <td>0.053371</td>\n",
       "      <td>0.171910</td>\n",
       "      <td>0.156960</td>\n",
       "    </tr>\n",
       "    <tr>\n",
       "      <th>mnth</th>\n",
       "      <td>0.168474</td>\n",
       "      <td>0.865268</td>\n",
       "      <td>-0.488103</td>\n",
       "      <td>1.000000</td>\n",
       "      <td>-0.007060</td>\n",
       "      <td>0.009372</td>\n",
       "      <td>0.014500</td>\n",
       "      <td>0.006441</td>\n",
       "      <td>-0.012239</td>\n",
       "      <td>0.353330</td>\n",
       "      <td>0.358541</td>\n",
       "      <td>0.201669</td>\n",
       "      <td>-0.147042</td>\n",
       "      <td>0.078563</td>\n",
       "      <td>0.061686</td>\n",
       "      <td>0.073431</td>\n",
       "    </tr>\n",
       "    <tr>\n",
       "      <th>hr</th>\n",
       "      <td>-0.009457</td>\n",
       "      <td>-0.007610</td>\n",
       "      <td>-0.003948</td>\n",
       "      <td>-0.007060</td>\n",
       "      <td>1.000000</td>\n",
       "      <td>0.000414</td>\n",
       "      <td>-0.004037</td>\n",
       "      <td>0.003454</td>\n",
       "      <td>-0.024003</td>\n",
       "      <td>0.139251</td>\n",
       "      <td>0.134633</td>\n",
       "      <td>-0.257202</td>\n",
       "      <td>0.130441</td>\n",
       "      <td>0.285182</td>\n",
       "      <td>0.381933</td>\n",
       "      <td>0.396698</td>\n",
       "    </tr>\n",
       "    <tr>\n",
       "      <th>holiday</th>\n",
       "      <td>0.008254</td>\n",
       "      <td>-0.008928</td>\n",
       "      <td>0.001039</td>\n",
       "      <td>0.009372</td>\n",
       "      <td>0.000414</td>\n",
       "      <td>1.000000</td>\n",
       "      <td>-0.102503</td>\n",
       "      <td>-0.248601</td>\n",
       "      <td>-0.014707</td>\n",
       "      <td>-0.028519</td>\n",
       "      <td>-0.038005</td>\n",
       "      <td>-0.036672</td>\n",
       "      <td>0.022681</td>\n",
       "      <td>0.022140</td>\n",
       "      <td>-0.044534</td>\n",
       "      <td>-0.030304</td>\n",
       "    </tr>\n",
       "    <tr>\n",
       "      <th>weekday</th>\n",
       "      <td>0.007121</td>\n",
       "      <td>-0.003688</td>\n",
       "      <td>-0.002714</td>\n",
       "      <td>0.014500</td>\n",
       "      <td>-0.004037</td>\n",
       "      <td>-0.102503</td>\n",
       "      <td>1.000000</td>\n",
       "      <td>0.031057</td>\n",
       "      <td>0.017259</td>\n",
       "      <td>-0.010002</td>\n",
       "      <td>-0.009841</td>\n",
       "      <td>-0.025932</td>\n",
       "      <td>0.008447</td>\n",
       "      <td>0.023687</td>\n",
       "      <td>0.019179</td>\n",
       "      <td>0.022618</td>\n",
       "    </tr>\n",
       "    <tr>\n",
       "      <th>workingday</th>\n",
       "      <td>0.005410</td>\n",
       "      <td>0.012630</td>\n",
       "      <td>0.001068</td>\n",
       "      <td>0.006441</td>\n",
       "      <td>0.003454</td>\n",
       "      <td>-0.248601</td>\n",
       "      <td>0.031057</td>\n",
       "      <td>1.000000</td>\n",
       "      <td>0.042202</td>\n",
       "      <td>0.062273</td>\n",
       "      <td>0.066305</td>\n",
       "      <td>0.022805</td>\n",
       "      <td>-0.002493</td>\n",
       "      <td>-0.298241</td>\n",
       "      <td>0.134789</td>\n",
       "      <td>0.025132</td>\n",
       "    </tr>\n",
       "    <tr>\n",
       "      <th>weathersit</th>\n",
       "      <td>-0.015217</td>\n",
       "      <td>-0.009029</td>\n",
       "      <td>-0.006309</td>\n",
       "      <td>-0.012239</td>\n",
       "      <td>-0.024003</td>\n",
       "      <td>-0.014707</td>\n",
       "      <td>0.017259</td>\n",
       "      <td>0.042202</td>\n",
       "      <td>1.000000</td>\n",
       "      <td>-0.080149</td>\n",
       "      <td>-0.081386</td>\n",
       "      <td>0.430378</td>\n",
       "      <td>0.009195</td>\n",
       "      <td>-0.147903</td>\n",
       "      <td>-0.130223</td>\n",
       "      <td>-0.149848</td>\n",
       "    </tr>\n",
       "    <tr>\n",
       "      <th>temp</th>\n",
       "      <td>0.030437</td>\n",
       "      <td>0.410790</td>\n",
       "      <td>-0.198929</td>\n",
       "      <td>0.353330</td>\n",
       "      <td>0.139251</td>\n",
       "      <td>-0.028519</td>\n",
       "      <td>-0.010002</td>\n",
       "      <td>0.062273</td>\n",
       "      <td>-0.080149</td>\n",
       "      <td>1.000000</td>\n",
       "      <td>0.991785</td>\n",
       "      <td>-0.019289</td>\n",
       "      <td>-0.013984</td>\n",
       "      <td>0.450777</td>\n",
       "      <td>0.322875</td>\n",
       "      <td>0.395743</td>\n",
       "    </tr>\n",
       "    <tr>\n",
       "      <th>atemp</th>\n",
       "      <td>0.043644</td>\n",
       "      <td>0.413196</td>\n",
       "      <td>-0.190360</td>\n",
       "      <td>0.358541</td>\n",
       "      <td>0.134633</td>\n",
       "      <td>-0.038005</td>\n",
       "      <td>-0.009841</td>\n",
       "      <td>0.066305</td>\n",
       "      <td>-0.081386</td>\n",
       "      <td>0.991785</td>\n",
       "      <td>1.000000</td>\n",
       "      <td>-0.003669</td>\n",
       "      <td>-0.057619</td>\n",
       "      <td>0.447899</td>\n",
       "      <td>0.323264</td>\n",
       "      <td>0.395234</td>\n",
       "    </tr>\n",
       "    <tr>\n",
       "      <th>hum</th>\n",
       "      <td>-0.012197</td>\n",
       "      <td>0.198937</td>\n",
       "      <td>-0.141319</td>\n",
       "      <td>0.201669</td>\n",
       "      <td>-0.257202</td>\n",
       "      <td>-0.036672</td>\n",
       "      <td>-0.025932</td>\n",
       "      <td>0.022805</td>\n",
       "      <td>0.430378</td>\n",
       "      <td>-0.019289</td>\n",
       "      <td>-0.003669</td>\n",
       "      <td>1.000000</td>\n",
       "      <td>-0.295765</td>\n",
       "      <td>-0.298354</td>\n",
       "      <td>-0.264382</td>\n",
       "      <td>-0.303672</td>\n",
       "    </tr>\n",
       "    <tr>\n",
       "      <th>windspeed</th>\n",
       "      <td>-0.029317</td>\n",
       "      <td>-0.142924</td>\n",
       "      <td>0.067356</td>\n",
       "      <td>-0.147042</td>\n",
       "      <td>0.130441</td>\n",
       "      <td>0.022681</td>\n",
       "      <td>0.008447</td>\n",
       "      <td>-0.002493</td>\n",
       "      <td>0.009195</td>\n",
       "      <td>-0.013984</td>\n",
       "      <td>-0.057619</td>\n",
       "      <td>-0.295765</td>\n",
       "      <td>1.000000</td>\n",
       "      <td>0.067061</td>\n",
       "      <td>0.091642</td>\n",
       "      <td>0.094791</td>\n",
       "    </tr>\n",
       "    <tr>\n",
       "      <th>casual</th>\n",
       "      <td>0.115635</td>\n",
       "      <td>0.119043</td>\n",
       "      <td>0.053371</td>\n",
       "      <td>0.078563</td>\n",
       "      <td>0.285182</td>\n",
       "      <td>0.022140</td>\n",
       "      <td>0.023687</td>\n",
       "      <td>-0.298241</td>\n",
       "      <td>-0.147903</td>\n",
       "      <td>0.450777</td>\n",
       "      <td>0.447899</td>\n",
       "      <td>-0.298354</td>\n",
       "      <td>0.067061</td>\n",
       "      <td>1.000000</td>\n",
       "      <td>0.503185</td>\n",
       "      <td>0.702414</td>\n",
       "    </tr>\n",
       "    <tr>\n",
       "      <th>registered</th>\n",
       "      <td>0.238038</td>\n",
       "      <td>0.093595</td>\n",
       "      <td>0.171910</td>\n",
       "      <td>0.061686</td>\n",
       "      <td>0.381933</td>\n",
       "      <td>-0.044534</td>\n",
       "      <td>0.019179</td>\n",
       "      <td>0.134789</td>\n",
       "      <td>-0.130223</td>\n",
       "      <td>0.322875</td>\n",
       "      <td>0.323264</td>\n",
       "      <td>-0.264382</td>\n",
       "      <td>0.091642</td>\n",
       "      <td>0.503185</td>\n",
       "      <td>1.000000</td>\n",
       "      <td>0.968540</td>\n",
       "    </tr>\n",
       "    <tr>\n",
       "      <th>cnt</th>\n",
       "      <td>0.229357</td>\n",
       "      <td>0.111369</td>\n",
       "      <td>0.156960</td>\n",
       "      <td>0.073431</td>\n",
       "      <td>0.396698</td>\n",
       "      <td>-0.030304</td>\n",
       "      <td>0.022618</td>\n",
       "      <td>0.025132</td>\n",
       "      <td>-0.149848</td>\n",
       "      <td>0.395743</td>\n",
       "      <td>0.395234</td>\n",
       "      <td>-0.303672</td>\n",
       "      <td>0.094791</td>\n",
       "      <td>0.702414</td>\n",
       "      <td>0.968540</td>\n",
       "      <td>1.000000</td>\n",
       "    </tr>\n",
       "  </tbody>\n",
       "</table>\n",
       "</div>"
      ],
      "text/plain": [
       "              dteday    season        yr      mnth        hr   holiday  \\\n",
       "dteday      1.000000  0.119277  0.776468  0.168474 -0.009457  0.008254   \n",
       "season      0.119277  1.000000 -0.446665  0.865268 -0.007610 -0.008928   \n",
       "yr          0.776468 -0.446665  1.000000 -0.488103 -0.003948  0.001039   \n",
       "mnth        0.168474  0.865268 -0.488103  1.000000 -0.007060  0.009372   \n",
       "hr         -0.009457 -0.007610 -0.003948 -0.007060  1.000000  0.000414   \n",
       "holiday     0.008254 -0.008928  0.001039  0.009372  0.000414  1.000000   \n",
       "weekday     0.007121 -0.003688 -0.002714  0.014500 -0.004037 -0.102503   \n",
       "workingday  0.005410  0.012630  0.001068  0.006441  0.003454 -0.248601   \n",
       "weathersit -0.015217 -0.009029 -0.006309 -0.012239 -0.024003 -0.014707   \n",
       "temp        0.030437  0.410790 -0.198929  0.353330  0.139251 -0.028519   \n",
       "atemp       0.043644  0.413196 -0.190360  0.358541  0.134633 -0.038005   \n",
       "hum        -0.012197  0.198937 -0.141319  0.201669 -0.257202 -0.036672   \n",
       "windspeed  -0.029317 -0.142924  0.067356 -0.147042  0.130441  0.022681   \n",
       "casual      0.115635  0.119043  0.053371  0.078563  0.285182  0.022140   \n",
       "registered  0.238038  0.093595  0.171910  0.061686  0.381933 -0.044534   \n",
       "cnt         0.229357  0.111369  0.156960  0.073431  0.396698 -0.030304   \n",
       "\n",
       "             weekday  workingday  weathersit      temp     atemp       hum  \\\n",
       "dteday      0.007121    0.005410   -0.015217  0.030437  0.043644 -0.012197   \n",
       "season     -0.003688    0.012630   -0.009029  0.410790  0.413196  0.198937   \n",
       "yr         -0.002714    0.001068   -0.006309 -0.198929 -0.190360 -0.141319   \n",
       "mnth        0.014500    0.006441   -0.012239  0.353330  0.358541  0.201669   \n",
       "hr         -0.004037    0.003454   -0.024003  0.139251  0.134633 -0.257202   \n",
       "holiday    -0.102503   -0.248601   -0.014707 -0.028519 -0.038005 -0.036672   \n",
       "weekday     1.000000    0.031057    0.017259 -0.010002 -0.009841 -0.025932   \n",
       "workingday  0.031057    1.000000    0.042202  0.062273  0.066305  0.022805   \n",
       "weathersit  0.017259    0.042202    1.000000 -0.080149 -0.081386  0.430378   \n",
       "temp       -0.010002    0.062273   -0.080149  1.000000  0.991785 -0.019289   \n",
       "atemp      -0.009841    0.066305   -0.081386  0.991785  1.000000 -0.003669   \n",
       "hum        -0.025932    0.022805    0.430378 -0.019289 -0.003669  1.000000   \n",
       "windspeed   0.008447   -0.002493    0.009195 -0.013984 -0.057619 -0.295765   \n",
       "casual      0.023687   -0.298241   -0.147903  0.450777  0.447899 -0.298354   \n",
       "registered  0.019179    0.134789   -0.130223  0.322875  0.323264 -0.264382   \n",
       "cnt         0.022618    0.025132   -0.149848  0.395743  0.395234 -0.303672   \n",
       "\n",
       "            windspeed    casual  registered       cnt  \n",
       "dteday      -0.029317  0.115635    0.238038  0.229357  \n",
       "season      -0.142924  0.119043    0.093595  0.111369  \n",
       "yr           0.067356  0.053371    0.171910  0.156960  \n",
       "mnth        -0.147042  0.078563    0.061686  0.073431  \n",
       "hr           0.130441  0.285182    0.381933  0.396698  \n",
       "holiday      0.022681  0.022140   -0.044534 -0.030304  \n",
       "weekday      0.008447  0.023687    0.019179  0.022618  \n",
       "workingday  -0.002493 -0.298241    0.134789  0.025132  \n",
       "weathersit   0.009195 -0.147903   -0.130223 -0.149848  \n",
       "temp        -0.013984  0.450777    0.322875  0.395743  \n",
       "atemp       -0.057619  0.447899    0.323264  0.395234  \n",
       "hum         -0.295765 -0.298354   -0.264382 -0.303672  \n",
       "windspeed    1.000000  0.067061    0.091642  0.094791  \n",
       "casual       0.067061  1.000000    0.503185  0.702414  \n",
       "registered   0.091642  0.503185    1.000000  0.968540  \n",
       "cnt          0.094791  0.702414    0.968540  1.000000  "
      ]
     },
     "execution_count": 198,
     "metadata": {},
     "output_type": "execute_result"
    }
   ],
   "source": [
    "dataset_train.corr()"
   ]
  }
 ],
 "metadata": {
  "kernelspec": {
   "display_name": "Python 3.10.5 64-bit",
   "language": "python",
   "name": "python3"
  },
  "language_info": {
   "codemirror_mode": {
    "name": "ipython",
    "version": 3
   },
   "file_extension": ".py",
   "mimetype": "text/x-python",
   "name": "python",
   "nbconvert_exporter": "python",
   "pygments_lexer": "ipython3",
   "version": "3.10.5"
  },
  "orig_nbformat": 4,
  "vscode": {
   "interpreter": {
    "hash": "6f52065960efd9c01b2ec1d60a5c4d050f69b3d5f630ae721b9f05d65d21db56"
   }
  }
 },
 "nbformat": 4,
 "nbformat_minor": 2
}
